%Program name:Fractional Lag Nonlinear Mixed-frequency Grey Prediction Model£¬abbreviation FLNMGM(1,N)
%r(1¡ªRow2) Lag parameters¡¢r(Row2+1¡ª2*Row2) Power indexs¡¢r(2*Row2+1¡ª2*Row2+2) Nakagami parameters¡¢r(2*Row2+3) Nonlinear trend of adjacent time points


function [result] = FLNMGM_1N(r)

format long g;  

%% Step 1: Data preparation
% % % RawData of Jiangsu EC in 2014-2024
Y0=[5012.54	5114.70	5458.95	5807.89	6128.27	6264.36	6373.71	7101.16	7399.55	7832.96	8487.00];
% % % The raw data of Jiangsu's population, GDP and import and export trade in 2014-2024 and the data needed to predict EC's trend in 2025-2030.
% % % To enable trend forecasting for the period 2025¨C2030, the required future
% % % data of the independent variables have been predicted according to the
% % % method described in the text and stored in the array X0
% % % Due to the differing statistical frequencies of the independent variables, their data lengths vary. 
% % % To ensure consistency, zero-padding is applied at the end of each variable to align their lengths.
X0=[8281.09	8315.11	8381.47	8423.5	8446.19	8469.09	8477.26	8505.4	8515	8526	8526	8577.2941	8599.1127	8620.9868	8642.9165	8664.902	8686.9434	8709.0409	0	0	0	0	0	0	0	0	0	0	0	0	0	0	0	0	0	0	0	0	0	0	0	0	0	0	0	0	0	0	0	0	0	0	0	0	0	0	0	0	0	0	0	0	0	0	0	0	0	0	0	0	0	0	0	0	0	0	0	0	0	0	0	0	0	0	0	0	0	0	0	0	0	0	0	0	0	0	0	0	0	0	0	0	0	0	0	0	0	0	0	0	0	0	0	0	0	0	0	0	0	0	0	0	0	0	0	0	0	0	0	0	0	0	0	0	0	0	0	0	0	0	0	0	0	0	0	0	0	0	0	0	0	0	0	0	0	0	0	0	0	0	0	0	0	0	0	0	0	0	0	0	0	0	0	0	0	0	0	0	0	0	0	0	0	0	0	0	0	0	0	0	0	0	0	0	0	0	0	0	0	0	0	0	0	0	0	0	0	0	0	0	0	0	0	0	0	0
12892.85	17222.15	15527.77	19445.55	14620.67	19306.23	17275.47	18914.01	16509.04	20022.69	18749.73	20804.71	18822.6	21998.62	21783.24	23296.48	20440.34	22702.98	23410.33	26653.9	21711.72	24152.19	25111.5	27681.41	21003.74	25634.9	26959.44	29209.6	26036	29281	29911	32164	27824	29004	31717	33544.3	29330	30982	32645	35265.2	31422	33002	34811	37773	33088.6	34327.92566	36921.04504	39676.17379	34907.35346	35774.05629	38912.71528	41747.45423	36762.6552	37309.98326	40879.24097	43800.30397	38649.42418	38881.2304	42848.65678	45855.30793	40550.27651	40467.59381	44827.45516	47919.79584	42462.85977	42064.72328	46817.75934	49996.2439	44385.2969	43670.14018	48818.19914	52083.23478	0	0	0	0	0	0	0	0	0	0	0	0	0	0	0	0	0	0	0	0	0	0	0	0	0	0	0	0	0	0	0	0	0	0	0	0	0	0	0	0	0	0	0	0	0	0	0	0	0	0	0	0	0	0	0	0	0	0	0	0	0	0	0	0	0	0	0	0	0	0	0	0	0	0	0	0	0	0	0	0	0	0	0	0	0	0	0	0	0	0	0	0	0	0	0	0	0	0	0	0	0	0	0	0	0	0	0	0	0	0	0	0	0	0	0	0	0	0	0	0	0	0	0	0	0	0	0	0	0	0	0	0	0	0	0	0	0	0	0	0	0	0	0	0
29312339	20100504	28302675	30146352	30899466	28981694	32627712	30466209	29938313	28238359	28046249	29583118	27931663	22596683	25381604	27615801	28896669	28614918	29642631	29142043	31044999	28416065	28622612	31060909	26308573.4	21202307.31	28692452.04	28122974.9	28114087.42	27408522.18	28226231.05	30891916.67	29128722.14	28247736.84	31337836.62	33220889	31074078.19	25637217.13	32138765.88	31082361.64	33019259.44	34672755.96	34199924.1	35727841.47	35819520.36	32637801.89	37064183.19	37259320.76	34739145.27	29815261.94	32725423.92	34293131	36119498	36738439	36155022	38629118	42112414	38808083	40607657	38045767	37065443	27169181	35377427	33159219	36856688	37642361	38957704	37141744	37641076	38014585	38015766	38520013	35613453.93	20357301.47	34026820	36627657	36080845	37849861	40471548	40433561.24	40982248	39490944	40871551	43260629	39802004	33020863	40162688	41787676	41328782.61	43639291.21	42356379	46480317	45978678.25	46295949.5	50264142	51240049.7	47932350.94	36044711.66	44871048.94	37038552	46883698.41	51112543	51694412.29	48944763	47713809.37	43784669.3	45387667.76	45050556.13	40748504	34709110.02	44425822.08	42147888.63	43020341.7	44112760.46	44266489.42	44562034.94	46813163.64	45878344.78	48253484.04	48143323.67	47647415.36	37396353.27	44662307.91	45877305.61	46798252.51	46247484.03	46862887.18	49446441.95	47818251.69	48984919.26	48327155.8	52571468.68	49442177.44	36985523.22	49215756.18	49072132.8	48496989.63	50012389.54	50221874.44	50254672.88	49980508.22	49687024.64	51303850.06	52272996.28	49259180.74	37820880.33	47704431.1	45091665.7	48460153.18	50527197.93	50909768.32	50893959.1	50729124.46	50469478.22	51580298.38	52509172.62	49545407.62	38083048.19	48396306.39	45639249.99	49109469.93	51260581.07	51631711.28	51558430.88	51365810.08	51178201.23	52352139.92	53235770.41	50293273.32	38660064.3	49080922.42	46186540.14	49726314.57	51934224.18	52300518.89	52176229.61	51952174.63	51828134.42	52948260.05	53831138.51	50867062.35	39074272.87	49680874.54	46674853.29	50293216.12	52553359.61	52915542.6	52744555.42	52491646.17	52425597.97	53520694.06	54396419.17	51423123.39	39486648.66	50231591.55	47121493.27	50813324.34	53121143.29	53479738.7	53266059.67	52986941.98	52974475.73	54041091.54	54911913.8	51925929.67	39856739.48	50731930.24	47527359.34	51287383.2	53638548.24	53993980.89	53741379.92	53438503.22	53475494.81	54516907.61	55383018.45];

% % % RawData of Guizhou EC in 2014-2024
% Y0=[1173.74	1174.21	1241.78	1384.89	1482.12	1540.68	1586	1743	1743	1783	1902];
